0.000000e+00  5.257311e-02  8.506508e-02  0.16000000000000003
0.000000e+00    -5.257311e-02 8.506508e-02  0.16000000000000003
5.257311e-02  8.506508e-02  0.000000e+00  0.16000000000000003
-5.257311e-02 8.506508e-02  0.000000e+00  0.16000000000000003
8.506508e-02  0.000000e+00  5.257311e-02  0.16000000000000003
-8.506508e-02 0.000000e+00  5.257311e-02  0.16000000000000003
0.000000e+00    -5.257311e-02   -8.506508e-02 0.16000000000000003
0.000000e+00  5.257311e-02    -8.506508e-02 0.16000000000000003
-5.257311e-02   -8.506508e-02 0.000000e+00  0.16000000000000003
5.257311e-02    -8.506508e-02 0.000000e+00  0.16000000000000003
-8.506508e-02 0.000000e+00    -5.257311e-02 0.16000000000000003
8.506508e-02  0.000000e+00    -5.257311e-02 0.16000000000000003
0.000000e+00  0.000000e+00  0.000000e+00  0.1
