7.77778e-09 0 0 4.1527e-07 1 
5.54444e-07 0 0 1.90571e-07 2
3.42444e-06 0 0 1.9055e-07 2
8.73333e-07 0 0 1.90533e-07 2
2.55889e-06 0 0 1.90514e-07 2
2.14889e-06 0 0 1.90506e-07 2
1.37444e-06 0 0 1.90487e-07 2
1.83e-06 0 0 1.90472e-07 2
1.14667e-06 0 0 1.90468e-07 2
3.19667e-06 0 0 1.9046e-07 2
3.78889e-06 0 0 1.90446e-07 2
2.83222e-06 0 0 1.90445e-07 2
1.60222e-06 0 0 1.90382e-07 2
3.01444e-06 -3.46939e-08 -5.20408e-08 1.28299e-07 2
3.60667e-06 5.20408e-08 -3.46939e-08 1.28286e-07 2
2.33111e-06 -5.20408e-08 3.46939e-08 1.28231e-07 2
2.37667e-06 5.20408e-08 -3.46939e-08 1.28216e-07 2
3.01444e-06 1.73469e-08 6.93878e-08 1.19051e-07 2
3.60667e-06 -6.93878e-08 1.73469e-08 1.19029e-07 2
3.97111e-06 3.46939e-08 -5.20408e-08 8.93136e-08 2

